UserID: 685652614 | Time: 2024-08-20 21:38:03.376909 | Command: /bgmi | Target: 20.204.16.154 | Port: 12535 | Time: 180
Username: @ItsPG1
Target: 20.204.16.154
Port: 12535
Time: 180

UserID: 685652614 | Time: 2024-08-20 21:38:22.630342 | Command: /bgmi | Target: 20.204.16.154 | Port: 12535 | Time: 180
Username: @ItsPG1
Target: 20.204.16.154
Port: 12535
Time: 180

UserID: 685652614 | Time: 2024-08-20 21:42:44.770545 | Command: /bgmi | Target: 20.204.16.154 | Port: 12535 | Time: 180
Username: @ItsPG1
Target: 20.204.16.154
Port: 12535
Time: 180

